true
true

0.0, 0.0, 0.0, 0.0, 0.0, 0.00392156862745098, 0.0, 0.0, 0.0, 0.0, 0.9764705882352941, 0.0, 0.0, 0.5176470588235295, 0.0, 0.0
0.0, 0.0, 0.0, 0.0, 0.0, 0.9333333333333333, 0.08235294117647059, 0.0, 0.0, 0.0, 0.027450980392156862, 0.0, 0.0, 0.0, 0.0, 0.0
0.0, 0.0, 0.0, 0.0, 0.1803921568627451, 0.0, 0.0, 0.0, 0.0, 0.0, 0.6627450980392157, 0.0, 0.0, 0.0, 0.3764705882352941, 0.0
0.0, 0.0, 0.0, 0.0, 0.0, 0.0, 0.9921568627450981, 0.0, 0.0, 0.18823529411764706, 0.0, 0.0, 0.0, 0.9921568627450981, 0.0, 0.0
0.0, 0.0, 0.0, 0.0, 0.0, 0.9882352941176471, 0.9882352941176471, 0.0, 0.0, 0.0, 0.0, 0.0, 0.0, 0.0, 0.16470588235294117, 0.0
0.0, 0.0, 0.0, 0.0, 0.0, 0.9882352941176471, 0.30196078431372547, 0.0, 0.0, 0.7058823529411765, 0.5058823529411764, 0.19215686274509805, 0.0, 0.0, 0.0, 0.0
0.0, 0.0, 0.0, 0.0, 0.0, 0.0, 0.0, 0.0, 0.0, 0.0, 0.16470588235294117, 0.0, 0.0, 0.0, 0.0, 0.0
0.0, 0.0, 0.0, 0.0, 0.0, 0.0, 0.3333333333333333, 0.0, 0.0, 0.0, 0.9882352941176471, 0.0, 0.0, 0.6745098039215687, 0.0, 0.0
0.0, 0.0, 0.0, 0.0, 0.0, 0.0, 0.0, 0.0, 0.0, 0.0, 0.0, 0.0, 0.0, 0.0, 0.0, 0.0
0.0, 0.0, 0.0, 0.0, 0.0, 0.0, 0.0, 0.0, 0.0, 0.0, 0.9882352941176471, 0.0, 0.0, 0.0, 0.0, 0.0
0.0, 0.0, 0.0, 0.0, 0.0, 0.0, 0.996078431372549, 0.0, 0.0, 0.0, 0.996078431372549, 0.0, 0.0, 0.0, 0.0, 0.0
0.0, 0.0, 0.0, 0.0, 0.0, 0.0, 0.9254901960784314, 0.0, 0.0, 0.0, 0.0, 0.0, 0.0, 0.0, 0.0, 0.0
0.0, 0.0, 0.0, 0.0, 0.0, 0.0, 0.19215686274509805, 0.0, 0.0, 0.0, 0.01568627450980392, 0.0, 0.0, 0.6039215686274509, 0.19215686274509805, 0.0
0.0, 0.0, 0.9882352941176471, 0.0, 0.0, 0.9921568627450981, 0.0, 0.0, 0.0, 0.0, 0.8705882352941177, 0.0, 0.0, 0.0, 0.0, 0.0
0.0, 0.0, 0.0, 0.0, 0.0, 0.0, 0.0, 0.0, 0.0, 0.0, 0.0, 0.0, 0.0, 0.0, 0.0, 0.0
0.0, 0.0, 0.0, 0.0, 0.0, 0.9882352941176471, 0.2549019607843137, 0.0, 0.0, 0.0, 0.15294117647058825, 0.0, 0.0, 0.9882352941176471, 0.0, 0.0
0.0, 0.0, 0.0, 0.0, 0.0, 0.0, 0.996078431372549, 0.0, 0.0, 0.996078431372549, 0.996078431372549, 0.0, 0.0, 0.0, 0.0, 0.0
0.0, 0.0, 0.0, 0.0, 0.0, 0.5450980392156862, 0.6666666666666666, 0.0, 0.0, 0.996078431372549, 0.0, 0.0, 0.0, 0.7490196078431373, 0.0, 0.0
0.0, 0.0, 0.6627450980392157, 0.0, 0.0, 0.0, 0.0, 0.0, 0.0, 0.996078431372549, 0.0, 0.0, 0.0, 0.0, 0.0, 0.0
0.0, 0.0, 0.0, 0.0, 0.0, 0.0, 0.1450980392156863, 0.0, 0.0, 0.0, 0.0, 0.0, 0.0, 0.9882352941176471, 0.0, 0.0
0.0, 0.0, 0.0, 0.0, 0.011764705882352941, 0.0, 0.8549019607843137, 0.0, 0.0, 0.9176470588235294, 0.9882352941176471, 0.0, 0.0, 0.0, 0.0, 0.0
0.0, 0.0, 0.0, 0.0, 0.0, 0.9254901960784314, 0.9529411764705882, 0.0, 0.0, 0.0, 0.0, 0.0, 0.0, 0.0, 0.0, 0.0
0.0, 0.0, 0.0, 0.0, 0.0, 0.0, 0.12156862745098039, 0.0, 0.0, 0.3686274509803922, 0.0, 0.0, 0.0, 0.8392156862745098, 0.0, 0.0
0.0, 0.0, 0.0, 0.0, 0.0, 0.0, 0.9921568627450981, 0.0, 0.0, 0.11372549019607843, 0.0, 0.0, 0.0, 0.9215686274509803, 0.0, 0.0
0.0, 0.0, 0.21568627450980393, 0.0, 0.0, 0.0, 0.3333333333333333, 0.0, 0.0, 0.0, 0.24705882352941178, 0.0, 0.0, 0.0, 0.0, 0.0
0.0, 0.0, 0.0, 0.0, 0.0, 0.0, 0.8784313725490196, 0.0, 0.0, 0.9921568627450981, 0.0, 0.0, 0.0, 0.0, 0.0, 0.0
0.0, 0.0, 0.0, 0.0, 0.0, 0.5411764705882353, 0.996078431372549, 0.0, 0.0, 0.0, 0.09019607843137255, 0.0, 0.0, 0.0, 0.0, 0.0
0.0, 0.0, 0.0, 0.0, 0.0, 0.0, 0.9921568627450981, 0.0, 0.0, 0.0, 0.9333333333333333, 0.0, 0.0, 0.9921568627450981, 0.0, 0.0
0.0, 0.0, 0.0, 0.0, 0.0, 0.0, 0.9921568627450981, 0.0, 0.0, 0.0, 0.9372549019607843, 0.0, 0.0, 0.0, 0.9921568627450981, 0.0
0.0, 0.0, 0.0, 0.0, 0.0, 0.3568627450980392, 0.788235294117647, 0.0, 0.0, 0.0, 0.0, 0.0, 0.0, 0.0, 0.0, 0.0
0.0, 0.0, 0.0, 0.0, 0.8509803921568627, 0.0, 0.3215686274509804, 0.0, 0.0, 0.0, 0.0, 0.0, 0.0, 0.0, 0.0, 0.0
0.0, 0.0, 0.0, 0.0, 0.0, 0.0, 0.07058823529411765, 0.0, 0.0, 0.9921568627450981, 0.0, 0.0, 0.0, 0.9921568627450981, 0.0, 0.0
0.0, 0.0, 0.5019607843137255, 0.0, 0.0, 0.06666666666666667, 0.0, 0.0, 0.0, 0.996078431372549, 0.0, 0.0, 0.0, 0.0, 0.0, 0.0
0.0, 0.0, 0.0, 0.0, 0.0, 0.0, 0.5333333333333333, 0.0, 0.0, 0.0, 0.06666666666666667, 0.0, 0.0, 0.7450980392156863, 0.0, 0.0
0.0, 0.0, 0.0, 0.0, 0.0, 0.28627450980392155, 0.0, 0.0, 0.0, 0.9921568627450981, 0.984313725490196, 0.0, 0.0, 0.48627450980392156, 0.0, 0.0
0.0, 0.0, 0.0, 0.0, 0.0, 0.0, 0.0, 0.0, 0.0, 0.0, 0.0, 0.0, 0.0, 0.0, 0.0, 0.0
0.0, 0.0, 0.27450980392156865, 0.0, 0.0, 0.16862745098039217, 0.0, 0.0, 0.0, 0.788235294117647, 0.8156862745098039, 0.0, 0.0, 0.0, 0.0, 0.0
0.0, 0.0, 0.0, 0.0, 0.0, 0.0, 0.4196078431372549, 0.0, 0.0, 0.9921568627450981, 0.5058823529411764, 0.0, 0.0, 0.0, 0.0, 0.0
0.0, 0.0, 0.0, 0.0, 0.0, 0.0, 0.996078431372549, 0.0, 0.0, 0.996078431372549, 0.3137254901960784, 0.0, 0.0, 0.0, 0.011764705882352941, 0.0
0.0, 0.0, 0.0, 0.0, 0.0, 0.47058823529411764, 0.0, 0.0, 0.0, 0.9921568627450981, 0.0, 0.0, 0.0, 0.0, 0.0, 0.0
0.0, 0.0, 0.0, 0.0, 0.0, 0.0, 0.0, 0.0, 0.0, 0.0, 0.0, 0.0, 0.0, 0.0, 0.0, 0.0
0.0, 0.0, 0.0, 0.0, 0.0, 0.9921568627450981, 0.9882352941176471, 0.0, 0.0, 0.9137254901960784, 0.8156862745098039, 0.0, 0.0, 0.0, 0.0, 0.0
0.0, 0.0, 0.0, 0.0, 0.0, 0.996078431372549, 0.5058823529411764, 0.0, 0.0, 0.0, 0.0, 0.0, 0.0, 0.0, 0.0, 0.0
0.0, 0.0, 0.0, 0.0, 0.0, 0.4823529411764706, 0.996078431372549, 0.0, 0.0, 0.0, 0.0, 0.0, 0.0, 0.8352941176470589, 0.0, 0.0
0.0, 0.0, 0.0, 0.0, 0.0, 0.0, 0.3215686274509804, 0.0, 0.0, 0.0, 0.6745098039215687, 0.0, 0.0, 0.0, 0.0, 0.0
0.0, 0.0, 0.0, 0.0, 0.0, 0.9882352941176471, 0.8823529411764706, 0.0, 0.0, 0.0, 0.5529411764705883, 0.0, 0.0, 0.12941176470588237, 0.0, 0.0
0.0, 0.0, 0.0, 0.0, 0.0, 0.0, 0.7411764705882353, 0.0, 0.0, 0.3568627450980392, 0.25098039215686274, 0.0, 0.0, 0.27450980392156865, 0.0, 0.0
0.0, 0.0, 0.0, 0.0, 0.0, 0.0, 0.0, 0.0, 0.0, 0.0, 0.0, 0.0, 0.0, 0.0, 0.0, 0.0
0.0, 0.0, 0.0, 0.0, 0.0, 0.996078431372549, 0.0, 0.0, 0.0, 0.0, 0.996078431372549, 0.0, 0.0, 0.0, 0.4470588235294118, 0.0
0.0, 0.0, 0.0, 0.0, 0.0, 0.0, 0.9921568627450981, 0.0, 0.0, 0.0, 0.8901960784313725, 0.0, 0.0, 0.5529411764705883, 0.0, 0.0
0.0, 0.0, 0.0, 0.0, 0.0, 0.0, 0.0, 0.0, 0.0, 0.0, 0.0, 0.0, 0.0, 0.0, 0.0, 0.0
0.0, 0.0, 0.0, 0.0, 0.0, 0.9921568627450981, 0.36470588235294116, 0.0, 0.0, 0.0, 0.0, 0.0, 0.0, 0.9921568627450981, 0.01568627450980392, 0.0
0.0, 0.0, 0.0, 0.0, 0.0, 0.4235294117647059, 0.9098039215686274, 0.0, 0.0, 0.0, 0.9882352941176471, 0.0, 0.0, 0.0, 0.21568627450980393, 0.0
0.0, 0.0, 0.0, 0.0, 0.0, 0.0, 0.23137254901960785, 0.0, 0.0, 0.0, 0.0, 0.0, 0.0, 0.6627450980392157, 0.0, 0.0
0.0, 0.0, 0.0, 0.0, 0.0, 0.047058823529411764, 0.0, 0.0, 0.0, 0.0, 0.43529411764705883, 0.0, 0.0, 0.0, 0.0, 0.0
0.0, 0.0, 0.0, 0.0, 0.0, 0.9921568627450981, 0.9921568627450981, 0.0, 0.0, 0.0392156862745098, 0.0, 0.0, 0.0, 0.9921568627450981, 0.0, 0.0
0.0, 0.0, 0.0, 0.0, 0.0, 0.9921568627450981, 0.3254901960784314, 0.0, 0.0, 0.0, 0.0, 0.0, 0.0, 0.0, 0.9921568627450981, 0.0
0.0, 0.0, 0.0, 0.0, 0.0, 0.796078431372549, 0.5176470588235295, 0.0, 0.0, 0.0, 0.0, 0.0, 0.0, 0.9529411764705882, 0.0, 0.0
0.0, 0.0, 0.0, 0.0, 0.0, 0.023529411764705882, 0.9921568627450981, 0.0, 0.0, 0.0, 0.9921568627450981, 0.0, 0.0, 0.0, 0.9921568627450981, 0.0
0.0, 0.0, 0.0, 0.0, 0.0, 0.0, 0.9607843137254902, 0.0, 0.0, 0.11764705882352941, 0.0, 0.0, 0.0, 0.0, 0.0, 0.0
0.0, 0.0, 0.0, 0.0, 0.0, 0.0, 0.0, 0.0, 0.0, 0.9921568627450981, 0.7529411764705882, 0.0, 0.0, 0.0, 0.0, 0.0
0.0, 0.0, 0.0, 0.0, 0.0, 0.0, 0.996078431372549, 0.0, 0.0, 0.0, 0.0, 0.0, 0.0, 0.592156862745098, 0.0, 0.0
0.0, 0.0, 0.0, 0.0, 0.0, 0.3058823529411765, 0.0, 0.0, 0.0, 0.9921568627450981, 0.25882352941176473, 0.0, 0.0, 0.0, 0.0, 0.0
0.0, 0.0, 0.0, 0.0, 0.0, 0.9921568627450981, 0.9921568627450981, 0.0, 0.0, 0.984313725490196, 0.06274509803921569, 0.0, 0.0, 0.984313725490196, 0.0, 0.0
0.0, 0.0, 0.0, 0.0, 0.0, 0.9058823529411765, 0.0, 0.0, 0.0, 0.34901960784313724, 0.996078431372549, 0.0, 0.0, 0.0, 0.48627450980392156, 0.0
0.0, 0.0, 0.0, 0.0, 0.0, 0.0, 0.996078431372549, 0.20392156862745098, 0.0, 0.0, 0.0, 0.0, 0.0, 0.0, 0.0, 0.0
0.0, 0.0, 1.0, 0.0, 0.0, 0.0, 0.0, 0.0, 0.0, 1.0, 0.25098039215686274, 0.0, 0.0, 0.0, 0.0, 0.0
0.0, 0.0, 0.0, 0.0, 0.0, 0.0, 0.19607843137254902, 0.0, 0.0, 0.0, 0.0, 0.0, 0.0, 0.8745098039215686, 0.0, 0.0
0.0, 0.0, 0.0, 0.0, 0.0, 0.0, 0.0, 0.0, 0.0, 0.0, 0.0, 1.0, 0.0, 0.0, 0.0, 0.0
0.0, 0.0, 0.0, 0.0, 0.0, 0.7450980392156863, 0.6705882352941176, 0.0, 0.0, 0.9098039215686274, 0.3607843137254902, 0.0, 0.0, 0.0784313725490196, 0.19215686274509805, 0.0
0.0, 0.0, 0.0, 0.0, 0.0, 0.1411764705882353, 0.0, 0.0, 0.0, 0.0, 0.03529411764705882, 0.0, 0.0, 0.0, 0.0, 0.0
0.0, 0.0, 0.0, 0.0, 0.0, 0.3058823529411765, 0.8509803921568627, 0.0, 0.0, 0.0, 0.0, 0.0, 0.0, 0.5019607843137255, 0.0, 0.0
0.0, 0.0, 0.0, 0.0, 0.0, 0.0, 0.0, 0.0, 0.0, 0.0, 0.0, 0.0, 0.0, 0.0, 0.0, 0.0
0.0, 0.0, 0.4392156862745098, 0.0, 0.0, 0.0, 0.0, 0.0, 0.0, 0.8470588235294118, 0.3176470588235294, 0.0, 0.0, 0.0, 0.0, 0.0
0.0, 0.0, 0.0, 0.0, 0.0, 0.0, 0.0, 0.0, 0.0, 0.0, 0.9882352941176471, 0.0, 0.0, 0.8274509803921568, 0.0, 0.0
0.0, 0.0, 0.0, 0.0, 0.0, 0.0, 0.9921568627450981, 0.0, 0.0, 0.0, 0.0, 0.0, 0.0, 0.7019607843137254, 0.0, 0.0
0.0, 0.0, 0.0, 0.0, 0.0, 0.0, 0.996078431372549, 0.0, 0.0, 0.9490196078431372, 0.0, 0.0, 0.0, 0.0, 0.0, 0.0
0.0, 0.0, 0.0, 0.0, 0.0, 0.0, 0.8470588235294118, 0.0, 0.0, 0.24705882352941178, 0.0, 0.0, 0.0, 0.9921568627450981, 0.0, 0.0
0.0, 0.0, 0.0, 0.0, 0.0, 0.0, 0.9921568627450981, 0.0, 0.0, 0.0, 0.0, 0.0, 0.0, 0.0, 0.0, 0.0
0.0, 0.0, 0.0, 0.0, 0.0, 0.47058823529411764, 0.9882352941176471, 0.0, 0.0, 0.0, 0.0, 0.0, 0.0, 0.2784313725490196, 0.0, 0.0
0.0, 0.0, 0.0, 0.0, 0.0, 0.9921568627450981, 0.6078431372549019, 0.0, 0.0, 0.24705882352941178, 0.0, 0.0, 0.0, 0.0, 0.0, 0.0
0.0, 0.0, 0.0, 0.0, 0.0, 0.9921568627450981, 0.0, 0.0, 0.0, 0.48627450980392156, 0.611764705882353, 0.0, 0.0, 0.3764705882352941, 0.0, 0.0
0.0, 0.03137254901960784, 0.0, 0.0, 0.0, 0.0, 0.043137254901960784, 0.0, 0.0, 0.9921568627450981, 0.9882352941176471, 0.0, 0.0, 0.0, 0.0, 0.0
0.0, 0.0, 0.5019607843137255, 0.0, 0.0, 0.25098039215686274, 0.25098039215686274, 0.0, 0.0, 0.0, 0.0, 0.0, 0.0, 0.0, 0.0, 0.0
0.0, 0.0, 0.0, 0.0, 0.0, 0.0, 0.0, 0.0, 0.0, 0.0, 0.9137254901960784, 0.0, 0.0, 0.0, 0.0, 0.0
0.0, 0.0, 0.0, 0.0, 0.0, 0.0, 0.9921568627450981, 0.0, 0.0, 0.9921568627450981, 0.5529411764705883, 0.0, 0.0, 0.9921568627450981, 0.0, 0.0
0.0, 0.0, 0.0, 0.0, 0.0, 0.027450980392156862, 0.0, 0.0, 0.0, 0.0, 0.0, 0.0, 0.0, 0.0, 0.9921568627450981, 0.0
0.0, 0.0, 0.0, 0.0, 0.0, 0.9921568627450981, 0.01568627450980392, 0.0, 0.0, 0.4392156862745098, 0.43529411764705883, 0.0, 0.0, 0.9921568627450981, 0.0, 0.0
0.0, 0.0, 0.0, 0.0, 0.0, 0.11372549019607843, 0.0, 0.0, 0.0, 0.0, 0.0, 0.0, 0.0, 0.0, 0.0, 0.0
0.0, 0.0, 0.0, 0.0, 0.0, 0.6745098039215687, 0.0, 0.0, 0.0, 0.30196078431372547, 0.12549019607843137, 0.0, 0.0, 0.9882352941176471, 0.0, 0.0
0.0, 0.0, 0.8313725490196079, 0.0, 0.0, 0.9921568627450981, 0.0, 0.0, 0.0, 0.9921568627450981, 0.5098039215686274, 0.0, 0.0, 0.0, 0.0, 0.0
0.0, 0.0, 0.0, 0.0, 0.0, 0.9019607843137255, 0.9882352941176471, 0.0, 0.0, 0.0, 0.6745098039215687, 0.0, 0.0, 0.7490196078431373, 0.0, 0.0
0.0, 0.0, 0.0, 0.0, 0.0, 0.5333333333333333, 0.30196078431372547, 0.0, 0.0, 0.3607843137254902, 0.9176470588235294, 0.0, 0.0, 0.0, 0.7686274509803922, 0.0
0.0, 0.0, 1.0, 0.0, 0.0, 0.0392156862745098, 0.09411764705882353, 0.0, 0.0, 0.9450980392156862, 0.0, 0.0, 0.0, 0.0, 0.0, 0.0
0.0, 0.0, 0.0, 0.0, 0.0, 1.0, 0.027450980392156862, 0.0, 0.0, 0.0, 0.0, 0.0, 0.0, 0.9921568627450981, 0.0, 0.0
0.0, 0.0, 0.0, 0.0, 0.0, 0.9921568627450981, 0.9921568627450981, 0.0, 0.0, 0.7411764705882353, 0.20784313725490197, 0.0, 0.0, 0.0, 0.0, 0.0
0.0, 0.0, 0.0, 0.0, 0.0, 0.9921568627450981, 0.9921568627450981, 0.0, 0.0, 0.0, 0.0, 0.0, 0.0, 0.0, 0.0, 0.0
0.0, 0.0, 0.0, 0.0, 0.0, 0.7686274509803922, 0.06274509803921569, 0.0, 0.0, 0.47058823529411764, 0.24705882352941178, 0.0, 0.0, 0.9882352941176471, 0.0, 0.0
0.0, 0.0, 0.0, 0.0, 0.0, 0.0, 0.0, 0.0, 0.0, 0.0, 0.8117647058823529, 0.0, 0.0, 0.8274509803921568, 0.0, 0.0
0.0, 0.0, 0.0, 0.0, 0.0, 0.0, 0.9411764705882353, 0.0, 0.0, 0.0, 0.0, 0.0, 0.0, 0.34901960784313724, 0.0, 0.0

0, 0, 0, 0, 0, 1, 0, 0, 0, 0
1, 0, 0, 0, 0, 0, 0, 0, 0, 0
0, 0, 0, 0, 1, 0, 0, 0, 0, 0
0, 1, 0, 0, 0, 0, 0, 0, 0, 0
0, 0, 0, 0, 0, 0, 0, 0, 0, 1
0, 0, 1, 0, 0, 0, 0, 0, 0, 0
0, 1, 0, 0, 0, 0, 0, 0, 0, 0
0, 0, 0, 1, 0, 0, 0, 0, 0, 0
0, 1, 0, 0, 0, 0, 0, 0, 0, 0
0, 0, 0, 0, 1, 0, 0, 0, 0, 0
0, 0, 0, 1, 0, 0, 0, 0, 0, 0
0, 0, 0, 0, 0, 1, 0, 0, 0, 0
0, 0, 0, 1, 0, 0, 0, 0, 0, 0
0, 0, 0, 0, 0, 0, 1, 0, 0, 0
0, 1, 0, 0, 0, 0, 0, 0, 0, 0
0, 0, 0, 0, 0, 0, 0, 1, 0, 0
0, 0, 1, 0, 0, 0, 0, 0, 0, 0
0, 0, 0, 0, 0, 0, 0, 0, 1, 0
0, 0, 0, 0, 0, 0, 1, 0, 0, 0
0, 0, 0, 0, 0, 0, 0, 0, 0, 1
0, 0, 0, 0, 1, 0, 0, 0, 0, 0
1, 0, 0, 0, 0, 0, 0, 0, 0, 0
0, 0, 0, 0, 0, 0, 0, 0, 0, 1
0, 1, 0, 0, 0, 0, 0, 0, 0, 0
0, 1, 0, 0, 0, 0, 0, 0, 0, 0
0, 0, 1, 0, 0, 0, 0, 0, 0, 0
0, 0, 0, 0, 1, 0, 0, 0, 0, 0
0, 0, 0, 1, 0, 0, 0, 0, 0, 0
0, 0, 1, 0, 0, 0, 0, 0, 0, 0
0, 0, 0, 0, 0, 0, 0, 1, 0, 0
0, 0, 0, 1, 0, 0, 0, 0, 0, 0
0, 0, 0, 0, 0, 0, 0, 0, 1, 0
0, 0, 0, 0, 0, 0, 1, 0, 0, 0
0, 0, 0, 0, 0, 0, 0, 0, 0, 1
1, 0, 0, 0, 0, 0, 0, 0, 0, 0
0, 0, 0, 0, 0, 1, 0, 0, 0, 0
0, 0, 0, 0, 0, 0, 1, 0, 0, 0
1, 0, 0, 0, 0, 0, 0, 0, 0, 0
0, 0, 0, 0, 0, 0, 0, 1, 0, 0
0, 0, 0, 0, 0, 0, 1, 0, 0, 0
0, 1, 0, 0, 0, 0, 0, 0, 0, 0
0, 0, 0, 0, 0, 0, 0, 0, 1, 0
0, 0, 0, 0, 0, 0, 0, 1, 0, 0
0, 0, 0, 0, 0, 0, 0, 0, 0, 1
0, 0, 0, 1, 0, 0, 0, 0, 0, 0
0, 0, 0, 0, 0, 0, 0, 0, 0, 1
0, 0, 0, 0, 0, 0, 0, 0, 1, 0
0, 0, 0, 0, 0, 1, 0, 0, 0, 0
0, 0, 0, 0, 0, 0, 0, 0, 0, 1
0, 0, 0, 1, 0, 0, 0, 0, 0, 0
0, 0, 0, 1, 0, 0, 0, 0, 0, 0
1, 0, 0, 0, 0, 0, 0, 0, 0, 0
0, 0, 0, 0, 0, 0, 0, 1, 0, 0
0, 0, 0, 0, 1, 0, 0, 0, 0, 0
0, 0, 0, 0, 0, 0, 0, 0, 0, 1
0, 0, 0, 0, 0, 0, 0, 0, 1, 0
1, 0, 0, 0, 0, 0, 0, 0, 0, 0
0, 0, 0, 0, 0, 0, 0, 0, 0, 1
0, 0, 0, 0, 1, 0, 0, 0, 0, 0
0, 1, 0, 0, 0, 0, 0, 0, 0, 0
0, 0, 0, 0, 1, 0, 0, 0, 0, 0
0, 0, 0, 0, 1, 0, 0, 0, 0, 0
0, 0, 0, 0, 0, 0, 1, 0, 0, 0
1, 0, 0, 0, 0, 0, 0, 0, 0, 0
0, 0, 0, 0, 1, 0, 0, 0, 0, 0
0, 0, 0, 0, 0, 1, 0, 0, 0, 0
0, 0, 0, 0, 0, 0, 1, 0, 0, 0
0, 1, 0, 0, 0, 0, 0, 0, 0, 0
1, 0, 0, 0, 0, 0, 0, 0, 0, 0
1, 0, 0, 0, 0, 0, 0, 0, 0, 0
0, 1, 0, 0, 0, 0, 0, 0, 0, 0
0, 0, 0, 0, 0, 0, 0, 1, 0, 0
0, 1, 0, 0, 0, 0, 0, 0, 0, 0
0, 0, 0, 0, 0, 0, 1, 0, 0, 0
0, 0, 0, 1, 0, 0, 0, 0, 0, 0
1, 0, 0, 0, 0, 0, 0, 0, 0, 0
0, 0, 1, 0, 0, 0, 0, 0, 0, 0
0, 1, 0, 0, 0, 0, 0, 0, 0, 0
0, 1, 0, 0, 0, 0, 0, 0, 0, 0
0, 0, 0, 0, 0, 0, 0, 1, 0, 0
0, 0, 0, 0, 0, 0, 0, 0, 0, 1
1, 0, 0, 0, 0, 0, 0, 0, 0, 0
0, 0, 1, 0, 0, 0, 0, 0, 0, 0
0, 0, 0, 0, 0, 0, 1, 0, 0, 0
0, 0, 0, 0, 0, 0, 0, 1, 0, 0
0, 0, 0, 0, 0, 0, 0, 0, 1, 0
0, 0, 0, 1, 0, 0, 0, 0, 0, 0
0, 0, 0, 0, 0, 0, 0, 0, 0, 1
1, 0, 0, 0, 0, 0, 0, 0, 0, 0
0, 0, 0, 0, 1, 0, 0, 0, 0, 0
0, 0, 0, 0, 0, 0, 1, 0, 0, 0
0, 0, 0, 0, 0, 0, 0, 1, 0, 0
0, 0, 0, 0, 1, 0, 0, 0, 0, 0
0, 0, 0, 0, 0, 0, 1, 0, 0, 0
0, 0, 0, 0, 0, 0, 0, 0, 1, 0
1, 0, 0, 0, 0, 0, 0, 0, 0, 0
0, 0, 0, 0, 0, 0, 0, 1, 0, 0
0, 0, 0, 0, 0, 0, 0, 0, 1, 0
0, 0, 0, 1, 0, 0, 0, 0, 0, 0
0, 1, 0, 0, 0, 0, 0, 0, 0, 0

